1.536

1.109

0.851

0.757

ECL

48

0.255

0.352

0.344

0.393

0.334

0.399

0.355

0.418

1.404

0.999

0.486

0.572

0.369

0.445

168

0.283

0.373

0.368

0.424

0.353

0.420

0.368

0.432

1.51 5

1.069

0.574

0.602

0.394

0.476

336

0.292

0.382

0.381

0.431

0.381

0.439

0.373

0.439

1.601

1.104

0.886

0.795

0.419

0.477

720

0.289

0.377

0.406

0.443

0.391

0.438

0.409

0.454

2.009

1.170

1.676

1.095

0.556

0.565

960

0.299

0.387

0.460

0.548

0.492

0.550

0.477

0.589

2.141

1.387

1.591

1.128

0.605

0.599

Count

18

5

6

0

0

0

0

Table 8: Multivariate long sequence time-series forecasting results on four datasets (five cases).