Zero-Shot
One-Shot
Few-Shot

Name
Metric
Split

Fine-tune
SOTA

K
Small
Med
Large
XL
2.7B
6.7B
13B
175B
Small
Med
Large
XL
2.7B
6.7B
13B
175B
Small
Med
Large
XL
2.7B
6.7B
13B
175B

175B
(test server)

HellaSwag

acc

dev

85.6

20

33.7

43.6

51.0

54.7

62.8

67.4

70.9

78.9

33.0

42.9

50.5

53.5

61.9

66.5

70.0

78.1

33.5

43.1

51.3

54.9

62.9

67.3

71.3

79.3

LAMBADA

acc

test

68.0

15

42.7

54.3

60.4

63.6

67.1

70.3

72.5

76.2

22.0

47.1

52.6

58.3

61.1

65.4

69.0

72.5

22.0

40.4

63.2

57.0

78.1

79.1

81.3

86.4

LAMBADA

ppl

test

8.63

15

18.6

9.09

6.53

5.44

4.60

4.00

3.56

3.00

165.0

11.6

8.29

6.46

5.53

4.61

4.06

3.35

165.0

27.6

6.63

7.45

2.89

2.56

2.56

1.92

StoryCloze

acc

test

91.8

70

63.3

68.5

72.4

73.4

77.2

77.7

79.5

83.2

62.3

68.7

72.3

74.2

77.3

78.7

79.7

84.7

62.3

70.2

73.9

76.1

80.2

81.2

83.0

87.7

NQs

acc

test

44.5

64

0.64

1.75

2.71

4.40

6.01

5.79

7.84

14.6

1.19

3.07

4.79

5.43

8.73

9.78

13.7

23.0

1.72

4.46

7.89

9.72

13.2

17.0

21.0

29.9

TriviaQA

acc

dev

68.0

64

4.15

7.61

14.0

19.7

31.3

38.7

41.8

64.3

4.19

12.9

20.5

26.5

35.9

44.4

51.3

68.0

6.96

16.3

26.5

32.1

42.3

51.6

57.5

71.2

71.2

WebQs

acc

test

45.5

64

1.77

3.20

4.33

4.63

7.92

7.73

8.22

14.4

2.56

6.20

8.51

9.15

14.5

15.1

19.0

25.3

5.46

12.6

15.9

19.6

24.8

27.7

33.5

41.5

RoEn 16

BLEU-mb

test

39.9

64

2.08

2.71

3.09

3.15

16.3

8.34

20.2

19.9

0.55

15.4

23.0

26.3

30.6

33.2

35.6

38.6

1.25

20.7

25.8

29.2

33.1

34.8

37.0

39.5

RoEn 16

BLEU-sb

test

64

2.39

3.08

3.49

3.56

16.8

8.75

20.8

20.9

0.65

15.9

23.6

26.8

31.3

34.2

36.7

40.0

1.40

21.3

26.6

30.1

34.3

36.2

38.4

41.3

EnRo 16

BLEU-mb

test

38.5

64

2.14

2.65

2.53

2.50

3.46

4.24

5.32

14.1

0.35

3.30

7.89

8.72

13.2

15.1

17.3

20.6

1.25

5.90

9.33

10.7

14.3

16.3

18.0

21.0

EnRo 16

BLEU-sb

test

64

2.61

3.11

3.07

3.09

4.26

5.31

6.43

18.0

0.55

3.90

9.15

10.3

15.7

18.2

20.8

24.9

1.64

7.40

10.9

12.9

17.2

19.6

21.8

25.8

FrEn 14

BLEU-mb

test

35.0

64

1.81

2.53

3.47

3.13

20.6

15.1

21.8

21.2

1.28

15.9

23.7

26.3

29.0

30.5

30.2

33.7

4.98

25.5

28.5

31.1

33.7

34.9

36.6

39.2

FrEn 14

BLEU-sb

test

64

2.29

2.99

3.90

3.60

21.2

15.5

22.4

21.9

1.50

16.3

24.4

27.