This suggests, as might intuitively be expected, that the benefit of models is greatest in precision planning domains. Game

Random

Human

SimPLe [20]

Ape-X [18]

R2D2 [21]

MuZero

MuZero normalized

alien

227.75

7,127.80

616.90

40,805.00

229,496.90

741,812.63

10,747.5 %

amidar

5.77

1,719.53

74.30

8,659.00

29,321.40

28,634.39

1,670.5 %

assault

222.39

742.00

527.20

24,559.00

108,197.00

143,972.03

27,664.9 %

asterix

210.00

8,503.33

1,128.30

313,305.00

999,153.30

998,425.00

12,036.4 %

asteroids

719.10

47,388.67

793.60

155,495.00

357,867.70

678,558.64

1,452.4 %

atlantis

12,850.00

29,028.13

20,992.50

944,498.00

1,620,764.00

1,674,767.20

10,272.6 %

bank heist

14.20

753.13

34.20

1,716.00

24,235.90

1,278.98

171.2 %

battle zone

2,360.00

37,187.50

4,031.20

98,895.00

751,880.00

848,623.00

2,429.9 %

beam rider

363.88

16,926.53

621.60

63,305.00

188,257.40

454,993.53

2,744.9 %

berzerk

123.65

2,630.42

-

57,197.00

53,318.70

85,932.60

3,423.1 %

bowling

23.11

160.73

30.00

18.00

219.50

260.13

172.2 %

boxing

0.05

12.06

7.80

100.00

98.50

100.00

832.2 %

breakout

1.72

30.47

16.40

801.00

837.70

864.00

2,999.2 %

centipede

2,090.87

12,017.04

-

12,974.00

599,140.30

1,159,049.27

11,655.6 %

chopper command

811.00

7,387.80

979.40

721,851.00

986,652.00

991,039.70

15,056.4 %

crazy climber

10,780.50

35,829.41

62,583.60

320,426.00

366,690.70

458,315.40

1,786.6 %

defender

2,874.50

18,688.89

-

411,944.00

665,792.00

839,642.95

5,291.2 %

demon attack

152.07

1,971.00

208.10

133,086.00

140,002.30

143,964.26

7,906.4 %

double dunk

-18.55

-16.40

-

24.00

23.70

23.94

1,976.3 %

enduro

0.00

860.53

-

2,177.00

2,372.70

2,382.44

276.9 %

fishing derby

-91.71

-38.80

-90.70

44.00

85.80

91.16

345.6 %

freeway

0.01

29.60

16.70

34.00

32.50

33.03

111.6 %

frostbite

65.20

4,334.67

236.90

9,329.00

315,456.40

631,378.53

14,786.7 %

gopher

257.60

2,412.50

596.80

120,501.00

124,776.30

130,345.58

6,036.8 %

gravitar

173.00

3,351.43

173.40

1,599.00

15,680.70

6,682.70

204.8 %

hero

1,026.97

30,826.38

2,656.60

31,656.00

39,537.10

49,244.11

161.8 %

ice hockey

-11.15

0.88

-11.60

33.00

79.30

67.04

650.0 %

jamesbond

29.00

302.80

100.50

21,323.00

25,354.00

41,063.25

14,986.9 %

kangaroo

52.00

3,035.00

51.20

1,416.00

14,130.70

16,763.60

560.2 %

krull

1,598.05

2,665.53

2,204.80

11,741.00

218,448.10

269,358.27

25,08