See Section 3.2 for more discussions on the linear probe results. Food101

CIFAR10

CIFAR100

Birdsnap

SUN397

Cars

Aircraft

VOC2007

DTD

Pets

Caltech101

Flowers

MNIST

FER2013

STL10⋆

EuroSAT

RESISC45

GTSRB

KITTI

Country211

PCAM

UCF101

Kinetics700

CLEVR

HatefulMemes

SST

ImageNet

LM RN50

81.3

82.8

61.7

44.2

69.6

74.9

44.9

85.5

71.5

82.8

85.5

91.1

96.6

60.1

95.3

93.4

84.0

73.8

70.2

19.0

82.9

76.4

51.9

51.2

65.2

76.8

65.2

CLIP-RN

50

86.4

88.7

70.3

56.4

73.3

78.3

49.1

87.1

76.4

88.2

89.6

96.1

98.3

64.2

96.6

95.2

87.5

82.4

70.2

25.3

82.7

81.6

57.2

53.6

65.7

72.6

73.3

101

88.9

91.1

73.5

58.6

75.1

84.0

50.7

88.0

76.3

91.0

92.0

96.4

98.4

65.2

97.8

95.9

89.3

82.4

73.6

26.6

82.8

84.0

60.3

50.3

68.2

73.3

75.7

50x4

91.3

90.5

73.0

65.7

77.0

85.9

57.3

88.4

79.5

91.9

92.5

97.8

98.5

68.1

97.8

96.4

89.7

85.5

59.4

30.3

83.0

85.7

62.6

52.5

68.0

76.6

78.2

50x16

93.3

92.2

74.9

72.8

79.2

88.7

62.7

89.0

79.1

93.5

93.7

98.3

98.9

68.7

98.6

97.0

91.4

89.0

69.2

34.8

83.5

88.0

66.3

53.8

71.1

80.0

81.5

50x64

94.8

94.1

78.6

77.2

81.1

90.5

67.7

88.9

82.0

94.5

95.4

98.9

98.9

71.3

99.1

97.1

92.8

90.2

69.2

40.7

83.7

89.5

69.1

55.0

75.0

81.2

83.6

CLIP-ViT

B/32

88.8

95.1

80.5

58.5

76.6

81.8

52.0

87.7

76.5

90.0

93.0

96.9

99.0

69.2

98.3

97.0

90.5

85.3

66.2

27.8

83.9

85.5

61.7

52.1

66.7

70.8

76.1

B/16

92.8

96.2

83.1

67.8

78.4

86.7

59.5

89.2

79.2

93.1

94.7

98.1

99.0

69.5

99.0

97.1

92.7

86.6

67.8

33.3

83.5

88.4

66.1

57.1

70.3

75.5

80.2

L/14

95.2

98.0

87.5

77.0

81.8

90.9

69.4

89.6

82.1

95.1

96.5

99.2

99.2

72.2

99.7

98.2

94.1

92.5

64.7

42.9

85.8

91.5

72.0

57.8

76.2

80.8

83.9

L/14-336px

95.9

97.9

87.4

79.9

82.2

91.5

71.6

89.9

83.0

95.1

96.0

99.2

99.2

72.9

99.7

98.1

94.9

92.4

69.2

46.4

85.6

92.0

73.0

60.3

77.3

80.5

85.4

EfficientNet

B0

74.3

92.5

76.5

59.7

62.0

62.5

55.7

84.4

71.2

93.0

93.3

91.7

98.2

57.2

97.1

97.3

85.5

80.0

73.8

12.4

83.1

74.4

47.6

47.9

55.7

53.4

76.9

B1

74.2

93.2

77.2

61.3

62.6

62.5

56.1

84.7

74.2

93.4

93.6

92.4

98.3

57.0

97.5

96.8

84.5

75.9

75.5

12.5

82.7

74.7

48.5

44.3

54.5

54.4

78.6

B2

75.8

93.6

77.9

64.4

64.0

63.2

57.0

85.3

73.5

93.9

93.5

92.9

98.5

56.6

97.7

96.9

84.4

76.4

