.2

85.5

61.0

49.6

54.6

55.7

86.4

B7

88.4

96.0

82.0

76.9

72.6

72.2

71.2

88.1

80.5

95.5

95.5

96.6

98.5

62.7

99.4

96.2

88.5

73.4

73.0

18.5

83.8

86.6

63.2

50.5

57.2

56.7

 87.0

L2-475

91.6

99.0

91.0

74.8

76.4

75.1

66.8

89.5

81.9

95.6

96.5

97.7

98.9

67.5

99.6

97.0

89.5

73.4

68.9

22.2

86.3

89.4

68.2

58.3

58.6

55.2

88.3

L2-800

92.0

98.7

89.0

78.5

75.7

75.5

68.4

89.4

82.5

95.6

94.7

97.9

98.5

68.4

99.7

97.2

89.9

77.7

66.9

23.7

86.8

88.9

66.7

62.7

58.4

56.9

88.4

Instagram

32x8d

84.8

95.9

80.9

63.8

69.0

74.2

56.0

88.0

75.4

95.4

93.9

91.7

97.4

60.7

99.1

95.7

82.1

72.3

69.2

16.7

82.3

80.1

56.8

42.2

53.3

55.2

83.3

32x16d

85.7

96.5

80.9

64.8

70.5

77.5

56.7

87.9

76.2

95.6

94.9

92.5

97.4

61.6

99.3

95.5

82.8

73.8

66.1

17.5

83.4

81.1

58.2

41.3

54.2

56.1

84.4

32x32d

86.7

96.8

82.7

67.1

71.5

77.5

55.4

88.3

78.5

95.8

95.3

94.4

97.9

62.4

99.3

95.7

85.4

71.2

66.8

18.0

83.7

82.1

58.8

39.7

55.3

56.7

85.0

32x48d

86.9

96.8

83.4

65.9

72.2

76.6

53.2

88.0

77.2

95.5

95.8

93.6

98.1

63.7

99.4

95.3

85.4

73.0

67.2

18.5

82.7

82.8

59.2

41.3

55.5

56.7

85.2

FixRes-v1

88.5

95.7

81.1

67.4

72.9

80.5

57.6

88.0

77.9

95.8

96.1

94.5

97.9

62.2

99.4

96.2

86.6

76.5

64.8

19.3

82.5

83.4

59.8

43.5

56.6

59.0

86.0

FixRes-v2

88.5

95.7

81.1

67.3

72.9

80.7

57.5

88.0

77.9

95.0

96.0

94.5

98.0

62.1

99.4

96.5

86.6

76.3

64.8

19.5

82.3

83.5

59.8

44.2

56.6

59.0

86.0

BiT-S

R50x1

72.5

91.7

74.8

57.7

61.1

53.5

52.5

83.7

72.4

92.3

91.2

92.0

98.4

56.1

96.4

97.4

85.0

70.0

66.0

12.5

83.0

72.3

47.5

48.3

54.1

55.3

75.2

R50x3

75.1

93.7

79.0

61.1

63.7

55.2

54.1

84.8

74.6

92.5

91.6

92.8

98.8

58.7

97.0

97.8

86.4

73.1

73.8

14.0

84.2

76.4

50.0

49.2

54.7

54.2

77.2

R101x1

73.5

92.8

77.4

58.4

61.3

54.0

52.4

84.4

73.5

92.5

91.8

90.6

98.3

56.5

96.8

97.3

84.6

69.4

68.9

12.6

82.0

73.5

48.6

45.4

52.6

55.5

76.0

R101x3

74.7

93.9

79.8

57.8

62.9

54.7

53.3

84.7

75.5

92.3

91.2

92.6

98.8

59.7

97.3

98.0

85.5

71.8

60.2

14.1

83.1

75.9

50.4

49.7

54.1

54.6

77.4

R152x2

74.9

94.3

79.7

58.7

62.7

55.9

53.6

85.3

74.9

93.0

92.0

91.7

98.6

58.3

97.1

97.8

86.2

71.8

71.6

13.9

84.1

76.2

49.9

48.2

53.8

55.9

77.1

R152x4

74.7

94.2

79.2

57.8

62.9

51.2

50.8

85.4

75.4

93.1

91.2

91.4

98.9

61.4

97.2

98.0

85.5

72.8

67.9

14.9

83.1

76.0

50.3

42.9

53.6

56.0
