0.423

0.190 0.334

0.203 0.353

0.273 0.409

0.445 0.536

168

0.198 0.333

0.266 0.398

0.269 0.404

0.309 0.439

0.654 0.634

0.341 0.448

0.293 0.451

0.503 0.599

2.441 1.142

336

0.30 0 0.417

0.297 0.416

0.310 0.422

0.359 0.484

1.792 1.093

0.456 0.554

0.585 0.644

0.728 0.730

1.987 2.468

720

0.245 0.375

0.359 0.466

0.361 0.471

0.388 0.499

2.087 1.534

0.866 0.809

0.499 0.596

1.062 0.943

3.859 1.144

ECL

48

0.222 0.350

0.239 0.359

0.238 0.368

0.280 0.429

0.971 0.884

0.493 0.539

0.204 0.357

0.879 0.764

0.524 0.595

168

0.331 0.421

0.447 0.503

0.442 0.514

0.454 0.529

1.671 1.587

0.723 0.655

0.315 0.436

1.032 0.833

2.725 1.273

336

0.328 0.422

0.489 0.528

0.501 0.552

0.514 0.563

3.528 2.196

1.212 0.898

0.414 0.519

1.136 0.876

2.246 3.077

720

0.428 0.494

0.540 0.571

0.543 0.578

0.558 0.609

4.891 4.047

1.511 0.966

0.563 0.595

1.251 0.933

4.243 1.415

960

0.432 0.497

0.582 0.608

0.594 0.638

0.624 0.645

7.019 5.105

1.545 1.006

0.657 0.683

1.370 0.982

6.901 4.264

Count

22

5

0

0

0

0

2

0

0

Table 7: Univariate long sequence time-series forecasting results on four datasets (five cases).