Lower smECE is better, while higher auc-euro is better. APIGen

SCITLDR

auc-euro ()

auc-euro ()

estimator

smECE ()

low

med

high

all

smECE ()

low

med

high

all

Raw Conf

0.206

0.260

0.550

0.855

0.552

0.165

0.356

0.710

0.922

0.660

HRE

0.032

0.771

0.624

0.878

0.758

0.080

0.666

0.710

0.922

0.765

NWKR

0.039

0.776

0.619

0.878

0.758

0.075

0.672

0.710

0.922

0.767

Platt

0.031

0.779

0.627

0.878

0.761

0.074

0.673

0.710

0.922

0.768

Isotonic

0.032

0.776

0.608

0.878

0.754

0.076

0.676

0.710

0.922

0.768

Beta

0.042

0.767

0.620

0.878

0.755

0.074

0.674

0.710

0.922

0.768

acute cosine

0.034

0.791

0.678

0.879

0.783

0.082

0.654

0.708

0.922

0.760

acute cosine Platt

0.038

0.793

0.676

0.878

0.783

0.036

0.687

0.710

0.922

0.772

acute cosine Isotonic

0.058

0.791

0.667

0.871

0.777

0.052

0.680

0.706

0.915

0.766

acute cosine Beta

0.040

0.793

0.676

0.878

0.782

0.041

0.686

0.709

0.922

0.772

acute pca10

0.043

0.825

0.726

0.883

0.812

0.088

0.683

0.715

0.922

0.773

acute pca10 Platt

0.033

0.826

0.732

0.882

0.813

0.041

0.707

0.713

0.922

0.780

acute pca10 Isotonic

0.045

0.816

0.727

0.878

0.807

0.039

0.701

0.713

0.922

0.778

acute pca10 Beta

0.033

0.826

0.732

0.881

0.813

0.041

0.707

0.713

0.922

0.780

acute pca20

0.088

0.850

0.772

0.886

0.836

0.091

0.690

0.714

0.922

0.774

acute pca20 Platt

0.033

0.860

0.787

0.894

0.847

0.044

0.713

0.715

0.922

0.783

acute pca20 Isotonic

0.036

0.851

0.787

0.893

0.844

0.043

0.710

0.717

0.922

0.782

acute pca20 Beta

0.032

0.860

0.787

0.895

0.848

0.043

0.714

0.714

0.922

0.783

acute early act

0.037

0.834

0.724

0.885

0.812

0.083

0.696

0.712

0.922

0.775

acute early act Platt

0.035

0.841

0.728

0.882

0.817

0.048

0.712

0.712

0.922

0.781

acute early act Isotonic

0.028

0.840

0.726

0.879

0.815

0.046

0.718

0.714

0.922

0.784

acute early act Beta

0.034

0.841

0.728

0.883

0.817

0.048

0.713

0.712

0.922

0.782

acute mid act

0.063

0.840

0.750

0.883

0.824

0.081

0.690

0.713

0.922

0.774

acute mid act Platt

0.035

0.851

0.758

0.890

0.833

0.050

0.708

0.717

0.922

0.781

acute mid act Isotonic

0.026

0.846

0.760

0.886

0.831

0.052

0.707

0.713

0.922

0.780

acute mid act Beta

0.033

0.851

0.759

0.891

0.834

0.050

0.708

0.716

0.922

0.781

acute late act

0.076

0.843

0.