Lower smECE is better, while higher auc-euro is better. APIGen

SCITLDR

auc-euro ()

auc-euro ()

estimator

smECE ()

low

med

high

all

smECE ()

low

med

high

all

Raw Conf

0.210

0.216

0.566

0.864

0.545

0.143

0.323

0.703

0.920

0.645

HRE

0.020

0.789

0.595

0.862

0.749

0.090

0.665

0.702

0.918

0.761

NWKR

0.014

0.796

0.595

0.864

0.752

0.087

0.672

0.703

0.920

0.764

Platt

0.049

0.827

0.666

0.864

0.786

0.088

0.670

0.704

0.920

0.764

Isotonic

0.008

0.796

0.594

0.860

0.751

0.087

0.674

0.704

0.920

0.765

Beta

0.009

0.796

0.596

0.864

0.753

0.087

0.672

0.704

0.920

0.764

acute cosine

0.042

0.912

0.817

0.884

0.872

0.087

0.672

0.702

0.920

0.764

acute cosine Platt

0.038

0.912

0.821

0.883

0.872

0.094

0.671

0.703

0.920

0.764

acute cosine Isotonic

0.073

0.907

0.820

0.863

0.864

0.111

0.655

0.694

0.920

0.755

acute cosine Beta

0.057

0.911

0.820

0.875

0.870

0.096

0.667

0.702

0.920

0.762

acute pca10

0.028

0.936

0.858

0.905

0.900

0.097

0.686

0.704

0.920

0.769

acute pca10 Platt

0.031

0.937

0.860

0.904

0.901

0.095

0.688

0.705

0.920

0.770

acute pca10 Isotonic

0.031

0.935

0.860

0.902

0.899

0.089

0.674

0.704

0.920

0.765

acute pca10 Beta

0.030

0.937

0.860

0.904

0.901

0.095

0.686

0.705

0.920

0.770

acute pca20

0.052

0.939

0.890

0.919

0.916

0.098

0.684

0.706

0.920

0.769

acute pca20 Platt

0.024

0.948

0.891

0.921

0.921

0.090

0.688

0.706

0.920

0.771

acute pca20 Isotonic

0.026

0.939

0.891

0.922

0.918

0.086

0.676

0.704

0.920

0.766

acute pca20 Beta

0.022

0.948

0.893

0.921

0.921

0.090

0.689

0.705

0.920

0.771

acute early act

0.052

0.934

0.877

0.908

0.904

0.092

0.686

0.705

0.920

0.770

acute early act Platt

0.041

0.943

0.882

0.908

0.911

0.090

0.685

0.709

0.920

0.770

acute early act Isotonic

0.033

0.946

0.880

0.908

0.912

0.093

0.681

0.706

0.919

0.768

acute early act Beta

0.022

0.947

0.884

0.910

0.914

0.090

0.685

0.708

0.920

0.770

acute mid act

0.048

0.936

0.875

0.916

0.909

0.091

0.688

0.706

0.920

0.770

acute mid act Platt

0.028

0.943

0.873

0.920

0.912

0.091

0.687

0.708

0.920

0.771

acute mid act Isotonic

0.052

0.936

0.867

0.908

0.904

0.095

0.682

0.704

0.920

0.768

acute mid act Beta

0.032

0.944

0.873

0.916

0.911

0.091

0.687

0.708

0.920

0.771

acute late act

0.042

0.936

0.