Lower smECE is better, while higher auc-euro is better. APIGen

SCITLDR

auc-euro ()

auc-euro ()

estimator

smECE ()

low

med

high

all

smECE ()

low

med

high

all

Raw Conf

0.277

0.226

0.354

0.664

0.413

0.159

0.385

0.712

0.923

0.670

HRE

0.019

0.938

0.760

0.685

0.796

0.074

0.665

0.715

0.923

0.767

NWKR

0.024

0.933

0.737

0.674

0.783

0.076

0.673

0.714

0.923

0.769

Platt

0.024

0.933

0.733

0.683

0.784

0.073

0.670

0.714

0.923

0.768

Isotonic

0.010

0.933

0.736

0.674

0.783

0.073

0.676

0.714

0.923

0.770

Beta

0.016

0.933

0.736

0.669

0.781

0.073

0.672

0.714

0.923

0.769

acute cosine

0.030

0.931

0.755

0.729

0.806

0.080

0.681

0.706

0.923

0.769

acute cosine Platt

0.031

0.932

0.755

0.728

0.806

0.075

0.680

0.714

0.923

0.771

acute cosine Isotonic

0.036

0.926

0.753

0.723

0.802

0.072

0.680

0.713

0.923

0.771

acute cosine Beta

0.031

0.932

0.755

0.728

0.806

0.075

0.680

0.713

0.923

0.771

acute pca10

0.032

0.939

0.807

0.792

0.847

0.081

0.695

0.713

0.923

0.776

acute pca10 Platt

0.036

0.940

0.806

0.792

0.847

0.082

0.691

0.713

0.923

0.775

acute pca10 Isotonic

0.047

0.931

0.805

0.791

0.843

0.087

0.688

0.712

0.923

0.773

acute pca10 Beta

0.037

0.939

0.805

0.793

0.847

0.082

0.691

0.713

0.923

0.775

acute pca20

0.040

0.938

0.812

0.795

0.849

0.080

0.698

0.717

0.923

0.779

acute pca20 Platt

0.031

0.941

0.815

0.795

0.851

0.081

0.698

0.717

0.923

0.779

acute pca20 Isotonic

0.049

0.936

0.814

0.791

0.848

0.079

0.700

0.719

0.923

0.780

acute pca20 Beta

0.030

0.940

0.814

0.796

0.851

0.080

0.699

0.716

0.923

0.779

acute early act

0.028

0.935

0.790

0.775

0.834

0.078

0.687

0.713

0.923

0.773

acute early act Platt

0.029

0.937

0.793

0.779

0.837

0.082

0.686

0.713

0.923

0.773

acute early act Isotonic

0.034

0.936

0.790

0.776

0.835

0.080

0.680

0.714

0.923

0.771

acute early act Beta

0.030

0.937

0.793

0.778

0.837

0.081

0.687

0.713

0.923

0.773

acute mid act

0.048

0.937

0.824

0.818

0.860

0.076

0.688

0.714

0.923

0.774

acute mid act Platt

0.024

0.943

0.834

0.832

0.871

0.080

0.685

0.713

0.923

0.773

acute mid act Isotonic

0.032

0.942

0.833

0.827

0.868

0.083

0.678

0.713

0.923

0.770

acute mid act Beta

0.024

0.943

0.834

0.832

0.871

0.079

0.685

0.714

0.923

0.773

acute late act

0.055

0.937

0.