5.105

1.545 1.006

0.657 0.683

1.370 0.982

6.901 4.264

Count

22

5

0

0

0

0

2

0

0

Table 7: Univariate long sequence time-series forecasting results on four datasets (five cases). Methods

S4

Informer

Informer†

LogTrans

Reformer

LSTMa

LSTnet

Metric

MSE

MAE

MSE

MAE

MSE

MAE

MSE

MAE

MSE

MAE

MSE

MAE

MSE

MAE

ETTh1

24

0.525

0.542

0.577

0.549

0.620

0.577

0.686

0.604

0.991

0.754

0.650

0.624

1.293

0.901

48

0.641

0.615

0.685

0.625

0.692

0.671

0.766

0.757

1.313

0.906

0.702

0.675

1.456

0.960

168

0.980

0.779

0.931

0.752

0.947

0.797

1.002

0.846

1.824

1.138

1.212

0.867

1.997

1.214

336

1.407

0.910

1.128

0.873

1.094

0.813

1.362

0.952

2.117

1.280

1.424

0.994

2.655

1.369

720

1.162

0.842

1.215

0.896

1.241

0.917

1.397

1.291

2.415

1.520

1.960

1.322

2.143

1.380

ETTh2

24

0.871

0.736

0.720

0.665

0.753

0.727

0.828

0.750

1.531

1.613

1.143

0.813

2.742

1.457

48

1.240

0.867

1.457

1.001

1.461

1.077

1.806

1.034

1.871

1.735

1.671

1.221

3.567

1.687

168

2.580

1.255

3.489

1.515

3.485

1.612

4.070

1.681

4.660

1.846

4.117

1.674

3.242

2.513

336

1.980

1.128

2.723

1.340

2.626

1.285

3.875

1.763

4.028

1.688

3.434

1.549

2.544

2.591

720

2.650

1.340

3.467

1.473

3.548

1.495

3.913

1.552

5.381

2.015

3.963

1.788

4.625

3.709

ETTm1

24

0.426

0.487

0.323

0.369

0.306

0.371

0.419

0.412

0.724

0.607

0.621

0.629

1.968

1.170

48

0.580

0.565

0.494

0.503

0.465

0.470

0.507

0.583

1.098

0.777

1.392

0.939

1.999

1.215

96

0.699

0.649

0.678

0.614

0.681

0.612

0.768

0.792

1.433

0.945

1.339

0.913

2.762

1.542

288

0.824

0.674

1.056

0.786

1.162

0.879

1.462

1.320

1.820

1.094

1.740

1.124

1.257

2.076

672

0.846

0.709

1.192

0.926

1.231

1.103

1.669

1.461

2.187

1.232

2.736

1.555

1.917

2.941

Weather

24

0.334

0.385

0.335

0.381

0.349

0.397

0.435

0.477

0.655

0.583

0.546

0.570

0.615

0.545

48

0.406

0.444

0.395

0.459

0.386

0.433

0.426

0.495

0.729

0.666

0.829

0.677

0.660

0.589

168

0.525

0.527

0.608

0.567

0.613

0.582

0.727

0.671

1.318

0.855

1.038

0.835

0.748

0.647

336

0.531

0.539

0.702

0.620

0.707

0.634

0.754

0.670

1.930

1.167

1.657

1.059

0.782

0.683

720

0.578

0.578

0.831

0.731

0.834

0.741

0.885

0.773

2.726

1.575

1.536

1.109

0.851

0.757

ECL

48

0.255

0.352

0.344

0.393

0.334

0.399

0.355

0.418

1.404

0.999

0.486

0.572

0.369

0.445

168

0.283

0.373

0.368

0.424

0.353

0.420

0.368

0.432

1.51