Lower smECE is better, while higher auc-euro is better. APIGen

SCITLDR

auc-euro ()

auc-euro ()

estimator

smECE ()

low

med

high

all

smECE ()

low

med

high

all

Raw Conf

0.072

0.528

0.861

0.968

0.783

0.097

0.416

0.799

0.950

0.719

HRE

0.007

0.681

0.861

0.968

0.835

0.046

0.655

0.799

0.950

0.800

NWKR

0.004

0.680

0.861

0.968

0.834

0.044

0.655

0.799

0.950

0.800

Platt

0.007

0.679

0.861

0.968

0.834

0.045

0.656

0.799

0.950

0.800

Isotonic

0.006

0.694

0.861

0.968

0.839

0.046

0.655

0.799

0.950

0.800

Beta

0.016

0.682

0.861

0.968

0.835

0.045

0.655

0.799

0.950

0.800

acute cosine

0.023

0.757

0.864

0.968

0.862

0.066

0.676

0.791

0.950

0.804

acute cosine Platt

0.041

0.745

0.864

0.968

0.858

0.039

0.684

0.799

0.950

0.810

acute cosine Isotonic

0.035

0.750

0.863

0.968

0.859

0.039

0.690

0.799

0.950

0.812

acute cosine Beta

0.041

0.745

0.864

0.968

0.858

0.038

0.687

0.799

0.950

0.811

acute pca10

0.050

0.845

0.883

0.968

0.898

0.056

0.702

0.797

0.950

0.815

acute pca10 Platt

0.033

0.857

0.890

0.960

0.902

0.043

0.708

0.797

0.950

0.817

acute pca10 Isotonic

0.034

0.855

0.887

0.960

0.900

0.042

0.706

0.800

0.950

0.818

acute pca10 Beta

0.034

0.855

0.889

0.962

0.901

0.041

0.709

0.798

0.950

0.818

acute pca20

0.068

0.878

0.895

0.968

0.913

0.058

0.702

0.798

0.950

0.816

acute pca20 Platt

0.027

0.899

0.917

0.963

0.926

0.041

0.710

0.798

0.950

0.819

acute pca20 Isotonic

0.041

0.890

0.899

0.963

0.917

0.037

0.707

0.799

0.950

0.818

acute pca20 Beta

0.028

0.898

0.916

0.964

0.926

0.039

0.712

0.798

0.950

0.819

acute early act

0.053

0.835

0.875

0.968

0.892

0.050

0.700

0.799

0.950

0.815

acute early act Platt

0.037

0.866

0.892

0.959

0.905

0.038

0.705

0.798

0.950

0.817

acute early act Isotonic

0.058

0.849

0.876

0.960

0.895

0.033

0.705

0.798

0.950

0.817

acute early act Beta

0.039

0.866

0.890

0.960

0.905

0.036

0.707

0.798

0.950

0.818

acute mid act

0.077

0.860

0.885

0.968

0.904

0.049

0.705

0.799

0.950

0.817

acute mid act Platt

0.025

0.911

0.923

0.972

0.935

0.038

0.709

0.798

0.950

0.818

acute mid act Isotonic

0.045

0.908

0.898

0.970

0.925

0.031

0.712

0.799

0.950

0.819

acute mid act Beta

0.025

0.910

0.922

0.972

0.934

0.037

0.710

0.798

0.950

0.818

acute late act

0.077

0.849

0.