0.614

0.574

0.657

0.700

0.606

0.585

0.711

0.545

0.697

0.765

SST
accuracy
zero-shot

0.592

0.616

0.898

0.873

0.888

0.907

0.817

0.820

0.920

0.812

0.901

0.900

few-shot

0.842

0.930 

0.944

0.909

0.933

0.936

0.794

0.880

0.944

0.838

0.923

0.938

QuAC
f1
zero-shot

32.13

38.19

42.55

34.52

41.19

45.22

29.02

37.64

34.52

35.04

37.35

41.60

few-shot

36.02

41.78

45.38

35.95

43.13

48.77

31.81

40.63

36.00

39.40

42.42

46.99

SQuADv2
f1
zero-shot

51.97

58.66

64.30

36.88

46.53

57.67

45.37

47.42

43.68

45.46

47.23

59.85

few-shot

58.86

62.33

69.75

46.62

53.91

65.90

48.11

52.34

51.95

58.33

63.78

69.93

DROP
f1
zero-shot

17.68

19.96

27.53

13.29

13.23

15.79

14.70

12.34

13.08

14.71

10.64

15.23

few-shot

25.43

30.08

35.27

23.84

30.99

35.85

21.61

27.11

27.78

23.89

29.39

33.34

FR EN 15

BLEU
zero-shot

30.65

34.99

38.92

25.56

33.25

36.90

19.85

25.22

24.16

25.77

30.41

34.28

few-shot

31.37

35.49

39.93

24.73

31.76

35.07

21.65

29.96

26.58

27.67

33.56

36.76

CNN/DM
ROUGE-L

0.182

0.197

0.196

0.198

0.235

0.225

0.218

0.231

0.227

0.214

0.231

0.220

TLDR
ROUGE-L

0.182

0.197

0.196

0.198

0.235

0.225

0.218

0.231

0.227

0.214

0.231

0.220