[50]). Tables 7 and 8 contain full results on all 50 settings considered by Zhou et al. [50]. S4 sets the best results on 40 out of 50 of these settings. Methods

S4

Informer

Informer†

LogTrans

Reformer

LSTMa

DeepAR

ARIMA

Prophet

Metric

MSE MAE

MSE MAE

MSE MAE

MSE MAE

MSE MAE

MSE MAE

MSE MAE

MSE MAE

MSE MAE

ETTh1

24

0.061 0.191

0.098 0.247

0.092 0.246

0.103 0.259

0.222 0.389

0.114 0.272

0.107 0.280

0.108 0.284

0.115 0.275

48

0.079 0.220

0.158 0.319

0.161 0.322

0.167 0.328

0.284 0.445

0.193 0.358

0.162 0.327

0.175 0.424

0.168 0.330

168

0.104 0.258

0.183 0.346

0.187 0.355

0.207 0.375

1.522 1.191

0.236 0.392

0.239 0.422

0.396 0.504

1.224 0.763

336

0.080 0.229

0.222 0.387

0.215 0.369

0.230 0.398

1.860 1.124

0.590 0.698

0.445 0.552

0.468 0.593

1.549 1.820

720

0.116 0.271

0.269 0.435

0.257 0.421

0.273 0.463

2.112 1.436

0.683 0.768

0.658 0.707

0.659 0.766

2.735 3.253

ETTh2

24

0.095 0.234

0.093 0.240

0.099 0.241

0.102 0.255

0.263 0.437

0.155 0.307

0.098 0.263

3.554 0.445

0.199 0.381

48

0.191 0.346

0.155 0.314

0.159 0.317

0.169 0.348

0.458 0.545

0.190 0.348

0.163 0.341

3.190 0.474

0.304 0.462

168

0.167 0.333

0.232 0.389

0.235 0.390

0.246 0.422

1.029 0.879

0.385 0.514

0.255 0.414

2.800 0.595

2.145 1.068

336

0.189 0.361

0.263 0.417

0.258 0.423

0.267 0.437

1.668 1.228

0.558 0.606

0.604 0.607

2.753 0.738

2.096 2.543

720

0.187 0.358

0.277 0.431

0.285 0.442

0.303 0.493

2.030 1.721

0.640 0.681

0.429 0.580

2.878 1.044

3.355 4.664

ETTm1

24

0.024 0.117

0.030 0.137

0.034 0.160

0.065 0.202

0.095 0.228

0.121 0.233

0.091 0.243

0.090 0.206

0.120 0.290

48

0.051 0.174

0.069 0.203

0.066 0.194

0.078 0.220

0.249 0.390

0.305 0.411

0.219 0.362

0.179 0.306

0.133 0.305

96

0.086 0.229

0.194 0.372

0.187 0.384

0.199 0.386

0.920 0.767

0.287 0.420

0.364 0.496

0.272 0.399

0.194 0.396

288

0.160 0.327

0.401 0.554

0.409 0.548

0.411 0.572

1.108 1.245

0.524 0.584

0.948 0.795

0.462 0.558

0.452 0.574

672

0.292 0.466

0.512 0.644

0.519 0.665

0.598 0.702

1.793 1.528

1.064 0.873

2.437 1.352

0.639 0.697

2.747 1.174

Weather

24

0.125 0.254

0.117 0.251

0.119 0.256

0.136 0.279

0.231 0.401

0.131 0.254

0.128 0.274

0.219 0.355

0.302 0.433

48

0.181 0.305

0.178 0.318

0.185 0.316

0.206 0.356

0.328 0.423

0.190 0.334

0.203 0.353

0.273 0.409

0.445 0.536

168

0.198 0.333

0.266 0.398

0.269 0.404

0.309 0.439

0.654 0.634

0.341 0.448

0.293 0.451

0.503 0.599

2.441 1.142

336

0.30