%

pong

-17.95

15.46

19.00

19.20

111.2 %

private eye

662.78

64,169.07

865.00

5,067.59

6.9 %

qbert

159.38

12,085.00

380,152.00

39,302.10

328.2 %

riverraid

588.30

14,382.20

 49,983.00

315,353.33

2,281.9 %

road runner

200.00

6,878.00

127,112.00

580,445.00

8,688.9 %

robotank

2.42

8.94

69.00

128.80

1,938.3 %

seaquest

215.50

40,425.80

377,180.00

997,601.01

2,480.4 %

skiing

-15,287.35

-3,686.58

-11,359.00

-29,400.75

-121.7 %

solaris

2,047.20

11,032.60

3,116.00

2,108.08

0.7 %

space invaders

182.55

1,464.90

50,699.00

57,450.41

4,465.9 %

star gunner

697.00

9,528.00

432,958.00

539,342.70

6,099.5 %

surround

-9.72

5.37

6.00

8.46

120.5 %

tennis

-21.43

-6.69

23.00

-2.30

129.8 %

time pilot

3,273.00

5,650.00

71,543.00

405,829.30

16,935.5 %

tutankham

12.74

138.30

128.00

351.76

270.0 %

up n down

707.20

9,896.10

347,912.00

607,807.85

6,606.9 %

venture

18.00

1,039.00

936.00

21.10

0.3 %

video pinball

0.00

15,641.09

873,989.00

970,881.10

6,207.2 %

wizard of wor

804.00

4,556.00

46,897.00

196,279.20

5,209.9 %

yars revenge

1,476.88

47,135.17

131,701.00

888,633.84

1,943.0 %

zaxxon

475.00

8,443.00

37,672.00

592,238.70

7,426.8 %

# best

0

6

5

46

Table S2:

Evaluation of MuZero in Atari for individual games from human start positions.