
76.2

49.9

48.2

53.8

55.9

77.1

R152x4

74.7

94.2

79.2

57.8

62.9

51.2

50.8

85.4

75.4

93.1

91.2

91.4

98.9

61.4

97.2

98.0

85.5

72.8

67.9

14.9

83.1

76.0

50.3

42.9

53.6

56.0
 
78.5

BiT-M

R50x1

83.3

94.9

82.2

70.9

69.9

59.0

55.6

86.8

77.3

91.5

93.9

99.4

98.0

60.6

98.4

97.5

87.4

68.6

68.2

16.6

82.5

79.4

53.2

49.4

54.5

53.4

76.7

R50x3

86.9

96.7

86.2

75.7

74.6

60.6

54.2

87.7

78.5

93.2

95.3

99.4

98.6

64.6

99.3

98.0

88.1

69.9

59.6

19.6

83.4

83.5

57.8

51.3

55.8

55.6

80.7

R101x1

85.5

95.7

84.4

73.0

72.5

59.8

55.0

87.3

78.1

92.2

95.0

99.5

98.1

62.5

99.0

97.6

87.8

68.7

67.7

18.0

84.0

82.3

55.9

53.4

54.8

53.1

79.4

R101x3

87.2

97.4

87.5

72.4

75.0

57.4

47.4

87.5

79.6

93.2

95.4

99.6

98.6

64.3

99.4

98.2

87.7

68.8

64.1

20.7

80.4

84.0

58.7

52.6

54.9

54.3

81.2

R152x2

88.0

97.5

87.8

75.8

75.9

61.5

55.3

88.1

79.8

93.6

95.9

99.5

98.5

64.3

99.5

97.9

89.0

70.0

70.3

20.7

82.6

85.5

59.6

50.8

54.9

55.1

81.9

R152x4

87.2

97.6

88.2

72.4

75.0

49.1

43.4

87.1

79.9

92.4

95.4

99.3

98.5

65.7

99.5

97.8

87.7

68.2

57.1

20.6

80.4

84.6

59.0

49.7

57.2

55.1

81.5

ViT

B/32

81.8

96.7

86.3

65.2

70.7

49.1

42.7

85.3

73.1

90.4

94.5

98.7

97.8

59.0

99.0

96.3

83.0

68.1

65.1

15.7

82.6

79.1

51.7

38.9

57.1

54.6

76.6

B/16

86.7

96.9

86.4

74.0

74.2

54.7

46.0

86.7

74.3

92.7

94.1

99.2

97.4

61.3

99.5

96.4

84.5

63.1

61.5

17.5

85.4

82.7

56.6

40.0

57.0

56.1

80.9

L/16

87.4

97.9

89.0

76.5

74.9

62.5

52.2

86.1

75.0

92.9

94.7

99.3

98.0

64.0

99.6

96.5

85.7

70.4

58.8

17.7

85.7

84.1

58.0

38.4

58.4

52.8

81.9

H/14

83.4

95.8

84.5

70.2

69.2

62.3

54.8

84.7

75.4

91.7

93.7

98.9

98.5

62.4

98.4

97.3

87.0

73.9

63.4

15.4

87.0

79.4

52.1

41.1

55.9

54.1

75.9

SimCLRv2

R50x1

76.4

93.2

77.9

48.6

64.1

56.3

51.7

84.4

77.0

88.3

91.8

92.9

97.6

59.7

96.7

97.5

85.8

71.1

69.1

15.8

84.8

78.4

51.0

56.2

53.9

53.8

73.8

R50x3

81.0

95.6

82.4

56.5

67.0

65.6

61.1

85.9

78.8

90.9

94.1

95.4

98.7

62.6

98.2

97.9

88.2

78.2

74.7

17.6

85.4

82.6

54.6

55.4

54.2

55.2

77.3

R101x1

77.9

94.8

79.9

51.9

65.2

57.1

52.0

85.4

77.2

90.0

91.6

92.7

97.2

59.4

97.6

96.8

84.6

65.7

70.6

16.1

84.3

78.8

52.4

53.6

55.1

55.7

76.1

R101x3

82.2

96.4

83.4

57.5

68.2

64.6

60.0

86.2

78.9

91.8

95.0

95.4

98.4

63.0

98.5

97.9

88.0

77.5

69.1

18.3

85.5

82.9

55.9

52.2

54.5

56.3

78.8

R15