

75.0

75.0

80.1

MultiRC

acc

dev

62.3

32

4.72

9.65

12.3

13.6

14.3

18.4

24.2

27.6

4.72

9.65

12.3

13.6

14.3

18.4

24.2

27.6

6.09

11.8

16.8

20.8

24.7

23.8

25.0

32.5

30.5

M ultiRC

f1a

dev

88.2

32

57.0

59.7

60.4

59.9

60.0

64.5

71.4

72.9

57.0

59.7

60.4

59.9

60.0

64.5

71.4

72.9

45.0

55.9

64.2

65.4

69.5

66.4

69.3

74.8

75.4

ReCoRD

acc

dev

92.5

32

70.8

78.5

82.1

84.1

86.2

88.6

89.0

90.2

69.8

77.0

80.7

83.0

85.9

88.0

88.8

90.2

69.8

77.2

81.3

83.1

86.6

87.9

88.9

89.0

90.2

ReCoRD

f1

dev

93.3

32

71.9

79.2

82.8

85.2

87.3

89.5

90.4

91.0

70.7

77.8

81.6

83.9

86.8

88.8

89.7

91.2

70.7

77.9

82.1

84.0

87.5

88.8

89.8

90.1

91.1

SuperGLUE

average

dev

89.0

40.6

47.4

46.8

49.6

50.1

52.3

54.4

58.2

54.4

55.1

56.7

57.8

61.2

59.7

64.3

68.9

50.2

56.2

56.8

60.0

64.3

63.6

66.9

73.2

71.8

ANLI R1

acc

test

73.8

50

33.4

34.2

33.4

33.4

34.2

32.3

33.2

34.6

32.1

31.6

31.9

34.6

30.6

31.6

32.7

32.0

32.1

32.5

30.9

32.5

33.5

33.1

33.3

36.8

ANLI R2

acc

test

50.7

50

33.2

31.9

33.3

33.3

33.8

33.5

33.5

35.4

35.7

33.7

33.2

32.7

32.7

33.9

33.9

33.9

35.7

33.8

32.1

31.4

32.6

33.3

32.6

34.0

ANLI R3

acc

test

48.3

50

33.6

34.0

33.8

33.4

35.3

34.8

34.4

34.5

35.0

32.6

33.0

33.9

34.1

33.1

32.5

35.1

35.0

34.4

35.1

36.0

32.7

33.9

34.5

40.2

2D+

acc

n/a

50

0.70

0.65

0.70

0.85

1.10

2.54

15.4

76.9

2.00

0.55

3.15

4.00

12.1

19.6

73.0

99.6

2.00

4.10

3.50

4.50

8.90

11.9

55.5

100.0

2D-

acc

n/a

50

1.25

1.25

1.25

1.25

1.60

7.60

12.6

58.0

1.15

0.95

1.45

1.95

3.85

11.5

44.6

86.4

1.15

1.45

2.25

2.70

7.35

13.6

52.4

98.9

3D+

acc

n/a

50

0.10

0.10

0.05

0.10

0.10

0.25

1.40

34.2

0.15

0.00

0.10

0.30

0.45

0.95

15.4

65.5

0.15

0.45

0.30

0.55

0.75

0.90

8.40

80.4

3D-

acc

n/a

50

0.05

0.05

0.05

0.05

0.05

0.45

1.35

48.3

0.05

0.15

0.25

0.30

0.55

1.60

6.15

78.7

0.05

0.10

0.15

0.35

0.65

1.05

9.20

94.2

4D+

acc

n/a

50

0.05

0.05

0.00

0.00

0.05

0.05

0.15

4.00

0.00

0.00

0.10

0.00

0.00

0.10

0.80

14.0

0.00

0.05

0.05

0.00

0.15

0.15

0.40

25.5

4D-

acc

n/a

50

0.00

0.00

0.00

0.00

0.00

0.00

0.10

7.50

0.00

0.00

0.00

0.00

0.05

0.00

0.50

14.0

0.00

0.05

0.00

0.00

0.10

0.05

0.40

26.8

5D+

acc

n/a

50

0.00

0.00

0.00

0.00

0.00

0.00

0.00

0.65

0.00

0.00

0.00

0.00

0.00

0.00

0.05

3.45

0.00

0.00

0.00

0.00

0.00

0.00

0.05

9.30

5D-

acc

n/a

50

0.0