SimPLe was only evaluated on 36 of the 57 games, unavailable results are indicated with ‘-’. Human normalized score is calculated as . Game

Random

Human

Ape-X [18]

MuZero

MuZero normalized

alien

128.30

6,371.30

17,732.00

713,387.37

11,424.9 %

amidar

11.79

1,540.43

1,047.00

26,638.80

1,741.9 %

assault

166.95

628.89

24,405.00

143,900.58

31,115.2 %

asterix

164.50

7,536.00

283,180.00

985,801.95

13,370.9 %

asteroids

877.10

36,517.30

117,303.00

606,971.12

1,700.6 %

atlantis

13,463.00

26,575.00

918,715.00

1,653,202.50

12,505.6 %

bank heist

21.70

644.50

1,201.00

962.11

151.0 %

battle zone

3,560.00

33,030.00

92,275.00

791,387.00

2,673.3 %

beam rider

254.56

14,961.02

72,234.00

419,460.76

2,850.5 %

berzerk

196.10

2,237.50

55,599.00

87,308.60

4,267.3 %

bowling

35.16

146.46

30.00

194.03

142.7 %

boxing

-1.46

9.61

81.00

56.60

524.5 %

breakout

1.77

27.86

757.00

849.59

3,249.6 %

centipede

1,925.45

10,321.89

5,712.00

1,138,294.60

13,533.9 %

chopper command

644.00

8,930.00

576,602.00

932,370.10

11,244.6 %

crazy climber

9,337.00

32,667.00

263,954.00

412,213.90

1,726.9 %

defender

1,965.50

14,296.00

399,865.00

823,636.00

6,663.7 %

demon attack

208.25

3,442.85

133,002.00

143,858.05

4,441.0 %

double dunk

-15.97

-14.37

22.00

23.12

2,443.1 %

enduro

-81.84

740.17

2,042.00

2,264.20

285.4 %

fishing derby

-77.11

5.09

22.00

57.45

163.7 %

freeway

0.17

25.61

29.00

28.38

110.9 %

frostbite

90.80

4,202.80

6,512.00

613,944.04

14,928.3 %

gopher

250.00

2,311.00

121,168.00

129,218.68

6,257.6 %

gravitar

245.50

3,116.00

662.00

3,390.65

109.6 %

hero

1,580.30

25,839.40

26,345.00

44,129.55

175.4 %

ice hockey

-9.67

0.53

24.00

52.40

608.5 %

jamesbond

33.50

368.50

18,992.00

39,107.20

11,663.8 %

kangaroo

100.00

2,739.00

578.00

13,210.50

496.8 %

krull

1,151.90

2,109.10

8,592.00

257,706.70

26,802.6 %

kung fu master

304.00

20,786.80

72,068.00

174,623.60

851.1 %

montezuma revenge

25.00

4,182.00

1,079.00

57.10

0.8 %

ms pacman

197.80

15,375.05

6,135.00

230,650.24

1,518.4 %

name this game

1,747.80

6,796.00

23,830.00

152,723.62

2,990.7 %

phoenix

1,134.40

6,686.20

188,789.00

943,255.07

16,969.6 %

pitfall

-348.80

5,998.91

-273.00

-801.10

-7.1 %

pong

-17.95

15.46

19.00

19.20

111.2 %

private eye

662.78

64,169.07

865.00

5,067.59

6.9 %

qbert

159.38

12,085.00

380,152.00

39,302.10

328.2 %

riverraid

588.30

14,382.20

