Generally, we find that acute systems outperform baselines and that posthoc calibration lowers calibration error while maintaining or sometimes improving auc-euro for most models. APIGen

SCITLDR

auc-euro ()

auc-euro ()

estimator

smECE ()

low

med

high

all

smECE ()

low

med

high

all

Raw Conf

0.213

0.246

0.528

0.827

0.531

0.191

0.324

0.671

0.908

0.631

HRE

0.019

0.846

0.612

0.832

0.764

0.095

0.690

0.671

0.908

0.756

NWKR

0.039

0.831

0.595

0.834

0.754

0.100

0.687

0.671

0.908

0.754

Platt

0.037

0.826

0.607

0.834

0.756

0.096

0.685

0.671

0.908

0.754

Isotonic

0.014

0.831

0.590

0.834

0.752

0.096

0.691

0.671

0.908

0.756

Beta

0.021

0.831

0.587

0.834

0.751

0.096

0.686

0.671

0.908

0.754

acute cosine

0.052

0.859

0.705

0.833

0.800

0.100

0.688

0.668

0.908

0.754

acute cosine Platt

0.046

0.859

0.702

0.839

0.801

0.111

0.682

0.670

0.908

0.753

acute cosine Isotonic

0.046

0.861

0.703

0.838

0.801

0.116

0.677

0.666

0.908

0.749

acute cosine Beta

0.032

0.861

0.706

0.839

0.803

0.111

0.682

0.671

0.908

0.753

acute pca10

0.032

0.912

0.820

0.879

0.871

0.108

0.698

0.676

0.908

0.760

acute pca10 Platt

0.024

0.916

0.819

0.879

0.872

0.107

0.700

0.675

0.908

0.760

acute pca10 Isotonic

0.026

0.913

0.819

0.877

0.870

0.107

0.687

0.676

0.908

0.757

acute pca10 Beta

0.024

0.917

0.819

0.879

0.872

0.107

0.700

0.674

0.908

0.760

acute pca20

0.048

0.912

0.825

0.871

0.870

0.113

0.702

0.674

0.908

0.761

acute pca20 Platt

0.036

0.919

0.823

0.872

0.872

0.109

0.705

0.675

0.908

0.762

acute pca20 Isotonic

0.025

0.921

0.815

0.867

0.868

0.111

0.697

0.674

0.909

0.759

acute pca20 Beta

0.027

0.921

0.824

0.874

0.873

0.110

0.706

0.675

0.908

0.762

acute early act

0.078

0.894

0.805

0.865

0.854

0.105

0.699

0.672

0.908

0.759

acute early act Platt

0.036

0.909

0.806

0.872

0.863

0.112

0.698

0.672

0.908

0.759

acute early act Isotonic

0.020

0.908

0.795

0.866

0.857

0.106

0.691

0.672

0.908

0.756

acute early act Beta

0.032

0.911

0.806

0.872

0.863

0.112

0.698

0.672

0.908

0.759

acute mid act

0.086

0.895

0.826

0.873

0.864

0.103

0.705

0.672

0.908

0.761

acute mid act Platt

0.031

0.913

0.832

0.885

0.877

0.113

0.701

0.677

0.908

0.761

acute mid act Isotonic

0.046

0.912

0.822

0.877

0.871

0.113

0.685

0.679

0.908

0.756

acute mid act Beta

0.030

0.915

0.832

0.885

0.878

0.114

0.701

0.677

0.908

0.761

acute late act

0.084

0.902

0.