Lower smECE is better, while higher auc-euro is better. APIGen

SCITLDR

auc-euro ()

auc-euro ()

estimator

smECE ()

low

med

high

all

smECE ()

low

med

high

all

Raw Conf

0.315

0.196

0.308

0.593

0.364

0.164

0.344

0.689

0.914

0.646

HRE

0.036

0.922

0.769

0.690

0.795

0.094

0.675

0.688

0.914

0.758

NWKR

0.038

0.932

0.739

0.685

0.787

0.105

0.672

0.688

0.914

0.757

Platt

0.043

0.932

0.731

0.691

0.786

0.094

0.682

0.688

0.914

0.760

Isotonic

0.028

0.932

0.733

0.680

0.783

0.095

0.673

0.688

0.914

0.758

Beta

0.025

0.932

0.733

0.673

0.781

0.094

0.679

0.688

0.914

0.760

acute cosine

0.036

0.934

0.770

0.739

0.816

0.094

0.675

0.687

0.914

0.758

acute cosine Platt

0.023

0.934

0.773

0.741

0.817

0.089

0.684

0.688

0.914

0.761

acute cosine Isotonic

0.026

0.932

0.763

0.737

0.812

0.094

0.679

0.685

0.914

0.758

acute cosine Beta

0.022

0.934

0.773

0.742

0.817

0.089

0.684

0.688

0.914

0.761

acute pca10

0.039

0.937

0.816

0.800

0.852

0.102

0.694

0.692

0.914

0.766

acute pca10 Platt

0.028

0.938

0.817

0.802

0.853

0.095

0.698

0.689

0.914

0.766

acute pca10 Isotonic

0.052

0.930

0.812

0.792

0.845

0.095

0.685

0.696

0.914

0.764

acute pca10 Beta

0.029

0.938

0.817

0.800

0.853

0.095

0.697

0.688

0.914

0.766

acute pca20

0.052

0.938

0.823

0.810

0.858

0.106

0.687

0.690

0.914

0.763

acute pca20 Platt

0.027

0.941

0.823

0.820

0.862

0.093

0.697

0.688

0.914

0.766

acute pca20 Isotonic

0.041

0.936

0.823

0.807

0.856

0.092

0.687

0.693

0.914

0.764

acute pca20 Beta

0.031

0.941

0.823

0.817

0.861

0.093

0.696

0.688

0.914

0.765

acute early act

0.053

0.934

0.796

0.776

0.836

0.102

0.681

0.690

0.914

0.760

acute early act Platt

0.025

0.937

0.800

0.791

0.844

0.093

0.685

0.688

0.914

0.762

acute early act Isotonic

0.035

0.936

0.799

0.784

0.840

0.096

0.683

0.691

0.914

0.762

acute early act Beta

0.024

0.937

0.800

0.791

0.844

0.094

0.685

0.689

0.914

0.762

acute mid act

0.064

0.937

0.834

0.815

0.863

0.098

0.696

0.689

0.914

0.766

acute mid act Platt

0.022

0.945

0.842

0.835

0.875

0.099

0.697

0.691

0.914

0.767

acute mid act Isotonic

0.023

0.943

0.839

0.836

0.873

0.103

0.692

0.693

0.914

0.765

acute mid act Beta

0.023

0.944

0.842

0.835

0.874

0.099

0.698

0.691

0.914

0.767

acute late act

0.078

0.936

0.