[0, 0, 1, 1, 1, 1, 1, 1, 2, 3, 3, 4, 5, 7, 8, 9]

2. [0, 1, 2, 2, 4, 4, 5, 5, 5, 6, 6, 6, 6, 7, 8, 9]

Merged list:

Step 3 – 10 Responses:

1. [0, 0, 0, 1, 1, 1, 1, 1, 1, 2, 2, 2, 3, 3, 4, 4, 4, 5, 5, 5, 6, 6, 6, 6, 7, 7, 8, 8, 9, 9]
(2 Errors - Missing one 1 and one 5)

2. [0, 0, 0, 1, 1, 1, 1, 1, 2, 2, 2, 3, 3, 4, 4, 4, 5, 5, 5, 5, 6, 6, 6, 6, 7, 7, 8, 8, 9, 9]
(2 Errors - Missing two 1s)

3. [0, 0, 0, 1, 1, 1, 1, 1, 1, 2, 2, 2, 3, 3, 4, 4, 4, 5, 5, 5, 5, 6, 6, 6, 6, 6, 7, 7, 8, 8, 9, 9]
(2 Errors - Missing one 1 and got one extra 6)

4. [0, 0, 0, 1, 1, 1, 1, 1, 1, 2, 2, 2, 3, 3, 4, 4, 4, 5, 5, 5, 5, 6, 6, 6, 6, 6, 7, 7, 8, 8, 9]
(3 Errors - Missing one 1, one 9 and got one extra 6)

5. [0, 0, 0, 1, 1, 1, 1, 1, 1, 2, 2, 2, 3, 3, 4, 4, 4, 5, 5, 5, 5, 6, 6, 6, 6, 6, 7, 7, 8, 8, 9, 9]
(2 Errors - Missing one 1 and got one extra 6)

6. [0, 0, 0, 1, 1, 1, 1, 1, 1, 2, 2, 2, 3, 3, 4, 4, 4, 5, 5, 5, 6, 6, 6, 6, 7, 7, 8, 8, 9, 9]
(2 Errors - Missing one 1 and one 5)

7. [0, 0, 0, 1, 1, 1, 1, 1, 1, 2, 2, 2, 3, 3, 4, 4, 4, 5, 5, 5, 5, 6, 6, 6, 6, 6, 7, 7, 8, 8, 9, 9]
(2 Errors - Missing one 1 and got one extra 6)

8.