When more than one template is used, the first template is shown. The ground truth label is colored green while an incorrect prediction is colored orange. Food101

CIFAR10

CIFAR100

Birdsnap

SUN397

Stanford Cars

FGVC Aircraft

VOC2007

DTD

Oxford Pets

Caltech101

Flowers102

MNIST

FER2013

STL10

EuroSAT

RESISC45

GTSRB

KITTI

Country211

PCam

UCF101

Kinetics700

CLEVR

HatefulMemes

Rendered SST2

ImageNet

CLIP-ResNet

RN50

81.1

75.6

41.6

32.6

59.6

55.8

19.3

82.1

41.7

85.4

82.1

65.9

66.6

42.2

94.3

41.1

54.2

35.2

42.2

16.1

57.6

63.6

43.5

20.3

59.7

56.9

59.6

RN101

83.9

81.0

49.0

37.2

59.9

62.3

19.5

82.4

43.9

86.2

85.1

65.7

59.3

45.6

96.7

33.1

58.5

38.3

33.3

16.9

55.2

62.2

46.7

28.1

61.1

64.2

62.2

RN50x4

86.8

79.2

48.9

41.6

62.7

67.9

24.6

83.0

49.3

88.1

86.0

68.0

75.2

51.1

96.4

35.0

59.2

35.7

26.0

20.2

57.5

65.5

49.0

17.0

58.3

66.6

65.8

RN50x16

90.5

82.2

54.2

45.9

65.0

72.3

30.3

82.9

52.8

89.7

87.6

71.9

80.0

56.0

97.8

40.3

64.4

39.6

33.9

24.0

62.5

68.7

53.4

17.6

58.9

67.6

70.5

RN50x64

91.8

86.8

61.3

48.9

66.9

76.0

35.6

83.8

53.4

93.4

90.6

77.3

90.8

61.0

98.3

59.4

69.7

47.9

33.2

29.6

65.0

74.1

56.8

27.5

62.1

70.7

73.6

CLIP-ViT

B/32

84.4

91.3

65.1

37.8

63.2

59.4

21.2

83.1

44.5

87.0

87.9

66.7

51.9

47.3

97.2

49.4

60.3

32.2

39.4

17.8

58.4

64.5

47.8

24.8

57.6

59.6

63.2

B/16

89.2

91.6

68.7

39.1

65.2

65.6

27.1

83.9

46.0

88.9

89.3

70.4

56.0

52.7

98.2

54.1

65.5

43.3

44.0

23.3

48.1

69.8

52.4

23.4

61.7

59.8

68.6

L/14

92.9

96.2

77.9

48.3

67.7

77.3

36.1

84.1

55.3

93.5

92.6

78.7

87.2

57.5

99.3

59.9

71.6

50.3

23.1

32.7

58.8

76.2

60.3

24.3

63.3

64.0

75.3

L/14-336px

93.8

95.7

77.5

49.5

68.4

78.8

37.2

84.3

55.7

93.5

92.8

78.3

88.3

57.7

99.4

59.6

71.7

52.3

21.9

34.9

63.0

76.9

61.3

24.8

63.3

67.9

76.2

Table 11: Zero-shot performance of CLIP models over 27 datasets.