Lower smECE is better, while higher auc-euro is better. APIGen

SCITLDR

auc-euro ()

auc-euro ()

estimator

smECE ()

low

med

high

all

smECE ()

low

med

high

all

Raw Conf

0.261

0.465

0.471

0.594

0.510

0.146

0.413

0.760

0.939

0.701

HRE

0.028

0.941

0.799

0.718

0.820

0.088

0.637

0.763

0.940

0.779

NWKR

0.043

0.938

0.760

0.688

0.797

0.083

0.641

0.763

0.940

0.780

Platt

0.025

0.938

0.753

0.669

0.788

0.082

0.643

0.763

0.940

0.781

Isotonic

0.021

0.938

0.753

0.688

0.795

0.082

0.637

0.763

0.940

0.778

Beta

0.036

0.938

0.753

0.679

0.791

0.083

0.641

0.761

0.940

0.779

acute cosine

0.031

0.946

0.817

0.757

0.841

0.089

0.634

0.760

0.940

0.776

acute cosine Platt

0.025

0.945

0.818

0.758

0.841

0.057

0.658

0.761

0.940

0.785

acute cosine Isotonic

0.029

0.946

0.817

0.749

0.838

0.063

0.650

0.763

0.940

0.783

acute cosine Beta

0.031

0.945

0.819

0.753

0.840

0.056

0.658

0.762

0.940

0.785

acute pca10

0.025

0.946

0.834

0.813

0.865

0.092

0.637

0.762

0.940

0.778

acute pca10 Platt

0.029

0.947

0.833

0.811

0.865

0.056

0.666

0.762

0.940

0.788

acute pca10 Isotonic

0.051

0.940

0.835

0.798

0.859

0.062

0.658

0.760

0.938

0.784

acute pca10 Beta

0.037

0.945

0.832

0.809

0.863

0.060

0.665

0.761

0.940

0.787

acute pca20

0.027

0.947

0.843

0.812

0.868

0.092

0.653

0.765

0.940

0.785

acute pca20 Platt

0.026

0.948

0.844

0.812

0.869

0.052

0.678

0.763

0.940

0.793

acute pca20 Isotonic

0.043

0.946

0.840

0.802

0.864

0.052

0.668

0.763

0.940

0.789

acute pca20 Beta

0.036

0.947

0.844

0.806

0.866

0.052

0.678

0.763

0.940

0.793

acute early act

0.047

0.942

0.825

0.784

0.851

0.089

0.652

0.763

0.940

0.784

acute early act Platt

0.032

0.945

0.834

0.788

0.857

0.055

0.675

0.763

0.940

0.791

acute early act Isotonic

0.052

0.938

0.832

0.785

0.852

0.059

0.672

0.763

0.940

0.790

acute early act Beta

0.033

0.944

0.834

0.788

0.856

0.056

0.674

0.763

0.940

0.791

acute mid act

0.057

0.943

0.844

0.821

0.870

0.088

0.653

0.763

0.940

0.784

acute mid act Platt

0.026

0.950

0.854

0.830

0.879

0.053

0.676

0.762

0.940

0.792

acute mid act Isotonic

0.037

0.945

0.852

0.816

0.872

0.056

0.680

0.763

0.936

0.792

acute mid act Beta

0.037

0.948

0.854

0.825

0.876

0.053

0.676

0.763

0.940

0.792

acute late act

0.063

0.943

0.