14

BLEU-sb

test

64

2.29

2.99

3.90

3.60

21.2

15.5

22.4

21.9

1.50

16.3

24.4

27. 0

30.0

31.6

31.4

35.6

5.30

26.2

29.5

32.2

35.1

36.4

38.3

41.4

EnFr 14

BLEU-mb

test

45.6

64

1.74

2.16

2.73

2.15

15.1

8.82

12.0

25.2

0.49

8.00

14.8

15.9

20.3

23.3

24.9

28.3

4.08

14.5

19.3

21.5

24.9

27.3

29.5

32.6

EnFr 14

BLEU-sb

test

45.9

64

2.44

2.75

3.54

2.82

19.3

11.4

15.3

31.3

0.81

10.0

18.2

19.3

24.7

28.3

30.1

34.1

5.31

18.0

23.6

26.1

30.3

33.3

35.5

39.9

DeEn 16

BLEU-mb

test

40.2

64

2.06

2.87

3.41

3.63

21.5

17.3

23.0

27.2

0.83

16.2

22.5

24.7

28.2

30.7

33.0

30.4

3.25

22.7

26.2

29.2

32.7

34.8

37.3

40.6

DeEn 16

BLEU-sb

test

64

2.39

3.27

3.85

4.04

22.5

18.2

24.4

28.6

0.93

17.1

23.4

25.8

29.2

31.9

34.5

32.1

3.60

23.8

27.5

30.5

34.1

36.5

39.1

43.0

EnDe 16

BLEU-mb

test

41.2

64

1.70

2.27

2.31

2.43

12.9

8.66

10.4

24.6

0.50

7.00

12.9

13.1

18.3

20.9

22.5

26.2

3.42

12.3

15.4

17.1

20.9

23.0

26.6

29.7

EnDe 16

BLEU-sb

test

41.2

64

2.09

2.65

2.75

2.92

13.7

9.36

11.0

25.3

0.54

7.40

13.4

13.4

18.8

21.7

23.3

27.3

3.78

12.9

16.1

17.7

21.7

24.1

27.7

30.9

Winograd

acc

test

93.8

7

66.3

72.9

74.7

76.9

82.4

85.7

87.9

88.3

63.4

68.5

72.9

76.9

82.4

84.6

86.1

89.7

63.4

67.4

73.6

76.9

84.3

85.4

82.4

88.6

Winogrande

acc

dev

84.6

50

52.0

52.1

57.4

58.7

62.3

64.5

67.9

70.2

51.3

53.0

58.3

59.1

61.7

65.8

66.9

73.2

51.3

52.6

57.5

59.1

62.6

67.4

70.0

77.7

PIQA

acc

dev

77.1

50

64.6

70.2

72.9

75.1

75.6

78.0

78.5

81.0

64.3

69.3

71.8

74.4

74.3

76.3

77.8

80.5

64.3

69.4

72.0

74.3

75.4

77.8

79.9

82.3

82.8

ARC (Challenge)

acc

test

78.5

50

26.6

29.5

31.8

35.5

38.0

41.4

43.7

51.4

25.5

30.2

31.6

36.4

38.4

41.5

43.1

53.2

25.5

28.4

32.3

36.7

39.5

43.7

44.8

51.5

ARC (Easy)

acc

test

92.0

50

43.6

46.5

53.0

53.8

58.2

60.2

63.8

68.8

42.7

48.2

54.6

55.9

60.3

62.6

66.8

71.2

42.7

51.0

58.1

59.1

62.1

65.8

69.1

70.1

OpenBookQA

acc

test

87.2

100

35.6

43.2

45.2

46.8

53.0

50.4

55.6

57.6

37.0

39.8

46.2

46.4

53.4

53.0

55.8

58.8

37.0

43.6

48.0

50.6

55.6

55.2

60.8

65.4

Quac

f1

dev

74.4

5

21.2

26.8

31.0

30.1

34.7

36.1

38.4

41.5

21.1

26.9

31.9

32.3

37.4

39.0

40.6

43.4

21.6

27.6

32.9

34.2

38.2

39.9

40.9

44.3

RACE-h

acc

test

90.0

10

35.