5

0.40

26.8

5D+

acc

n/a

50

0.00

0.00

0.00

0.00

0.00

0.00

0.00

0.65

0.00

0.00

0.00

0.00

0.00

0.00

0.05

3.45

0.00

0.00

0.00

0.00

0.00

0.00

0.05

9.30

5D-

acc

n/a

50

0.0 0

0.00

0.00

0.00

0.00

0.00

0.00

0.80

0.00

0.00

0.00

0.00

0.00

0.00

0.05

3.75

0.00

0.00

0.00

0.00

0.00

0.00

0.00

9.90

2Dx

acc

n/a

50

2.20

2.25

2.65

2.10

2.55

5.80

6.15

19.8

1.35

2.35

3.35

2.35

4.75

9.15

11.0

27.4

1.35

2.90

2.70

2.85

4.25

6.10

7.05

29.2

1DC

acc

n/a

50

1.25

2.95

2.75

0.05

0.30

2.35

0.75

9.75

1.90

2.80

2.85

3.65

6.45

9.15

8.20

14.3

1.70

2.15

3.90

5.75

6.20

7.60

9.95

21.3

Cycled Letters

acc

n/a

100

0.62

0.71

2.85

0.00

0.63

1.35

2.58

3.66

1.67

4.36

5.68

6.46

6.25

9.41

15.1

21.7

4.63

9.27

10.7

14.5

16.7

21.9

27.7

37.9

Anagrams 1

acc

n/a

100

0.10

0.14

0.40

0.00

0.27

0.69

1.16

2.28

0.21

0.61

1.12

1.27

1.60

2.72

3.72

8.62

0.50

1.27

2.13

3.05

3.81

5.49

8.38

15.1

Anagrams 2

acc

n/a

100

0.81

1.21

2.69

0.01

1.71

3.75

4.53

8.91

1.19

2.62

4.70

4.77

6.97

10.2

14.6

25.9

1.94

4.80

7.59

9.87

12.6

18.9

25.6

39.7

Symbol Insertion

acc

n/a

100

0.00

0.00

0.10

0.00

0.05

0.42

0.89

8.26

0.03

0.05

0.57

1.18

1.67

3.46

6.62

45.4

0.11

0.28

2.19

4.18

6.61

11.0

27.3

67.2

Reversed Words

acc

n/a

100

0.00

0.01

0.01

0.01

0.02

0.03

0.03

0.09

0.02

0.01

0.01

0.00

0.05

0.07

0.11

0.48

0.00

0.05

0.00

0.17

0.24

0.30

0.42

0.44

SAT Analogies

acc

n/a

20

35.6

39.0

45.2

44.1

50.0

49.2

52.7

53.7

30.5

41.2

43.1

46.5

55.1

54.3

53.5

59.1

30.5

40.4

42.8

40.6

48.4

51.9

53.5

65.2

Table H.1: Scores for every task, setting and model that we investigate in this paper.