4

53.6

55.1

55.7

76.1

R101x3

82.2

96.4

83.4

57.5

68.2

64.6

60.0

86.2

78.9

91.8

95.0

95.4

98.4

63.0

98.5

97.9

88.0

77.5

69.1

18.3

85.5

82.9

55.9

52.2

54.5

56.3

78.8

R15 2x1

78.6

95.0

79.9

50.3

65.6

55.6

52.2

85.8

77.3

90.1

92.5

91.8

97.6

59.8

98.1

96.6

84.3

64.8

70.3

16.6

83.9

79.4

53.1

57.2

55.8

54.8

76.9

R152x2

82.3

96.7

83.9

58.1

68.5

64.9

58.7

86.6

79.1

92.2

94.1

96.0

98.2

64.1

98.5

98.0

88.1

77.0

69.8

18.4

85.3

82.7

56.2

53.6

56.0

56.5

79.2

R152x3

83.6

96.8

84.5

60.3

69.1

68.5

63.1

86.7

80.5

92.6

94.9

96.3

98.7

65.4

98.8

98.1

89.5

78.4

68.5

19.4

85.2

83.5

57.0

54.4

54.6

54.2

80.0

BYOL

50x1

74.0

93.6

79.1

47.6

63.7

61.6

62.3

82.6

77.0

88.3

93.7

94.3

98.7

58.8

96.4

97.6

88.2

80.1

71.4

14.1

84.8

77.3

49.3

56.1

53.8

54.4

73.3

200x2

78.5

96.2

83.3

53.4

68.5

61.7

55.4

86.6

77.4

91.9

95.5

93.9

98.7

62.6

98.6

97.7

87.4

77.1

76.4

16.4

84.0

82.6

55.1

54.1

52.5

52.4

79.2

MoCo

v1

65.9

85.0

63.1

27.5

52.6

35.9

43.5

75.7

70.0

70.4

78.1

85.4

97.6

54.3

85.6

97.1

82.9

62.6

60.2

12.6

85.7

64.2

40.7

54.7

55.6

53.5

57.2

v2

72.2

93.4

76.3

39.6

60.2

48.3

51.1

82.6

75.1

84.4

89.9

90.7

98.4

58.3

95.7

97.2

85.4

75.7

75.4

13.2

85.6

72.7

47.8

56.9

53.9

53.8

69.1

VirTex

57.9

83.9

57.5

17.0

49.8

22.4

34.5

83.8

58.2

53.6

70.6

74.7

98.1

56.5

86.7

94.8

74.1

69.5

71.3

8.7

83.1

61.5

39.9

45.5

53.5

55.8

50.7

ResNet

50

71.3

91.8

74.5

52.7

60.5

49.9

48.5

83.8

72.3

92.4

90.8

90.8

98.3

54.9

96.4

96.7

83.6

70.6

67.1

11.7

82.5

71.2

46.8

43.0

56.5

55.5

74.3

101

72.7

93.0

77.2

53.7

60.8

50.1

47.0

84.4

71.6

92.3

91.9

90.4

98.5

56.6

97.0

97.1

83.4

72.5

63.6

11.9

83.3

72.7

48.3

43.2

53.0

54.7

75.8

152

73.7

93.5

78.0

55.1

61.6

52.8

48.4

84.5

71.9

93.0

92.1

89.6

98.2

57.0

97.6

97.0

83.1

70.1

70.2

12.3

82.9

75.3

49.2

42.4

53.2

53.9

77.1

Table 10: Linear probe performance of various pre-trained models over 27 datasets.