Quac

f1

dev

74.4

5

21.2

26.8

31.0

30.1

34.7

36.1

38.4

41.5

21.1

26.9

31.9

32.3

37.4

39.0

40.6

43.4

21.6

27.6

32.9

34.2

38.2

39.9

40.9

44.3

RACE-h

acc

test

90.0

10

35. 2

37.9

40.1

40.9

42.4

44.1

44.6

45.5

34.3

37.7

40.0

42.0

43.8

44.3

44.6

45.9

34.3

37.0

40.4

41.4

42.3

44.7

45.1

46.8

RACE-m

acc

test

93.1

10

42.1

47.2

52.1

52.3

54.7

54.4

56.7

58.4

42.3

47.3

51.7

55.2

56.1

54.7

56.9

57.4

42.3

47.0

52.7

53.0

55.6

55.4

58.1

58.1

SQuADv2

em

dev

90.7

16

22.6

32.8

33.9

43.1

43.6

45.4

49.0

52.6

25.1

37.5

37.9

47.9

47.9

51.1

56.0

60.1

27.5

40.5

39.2

53.5

50.0

56.6

62.6

64.9

SQuADv2

f1

dev

93.0

16

28.3

40.2

41.4

50.3

51.0

52.7

56.3

59.5

30.1

43.6

44.1

54.0

54.1

57.1

61.8

65.4

32.1

45.5

44.9

58.7

55.9

62.1

67.7

69.8

CoQA

f1

dev

90.7

5

34.5

55.0

61.8

65.3

71.1

72.8

76.3

81.5

30.6

52.1

61.6

66.1

71.8

75.1

77.9

84.0

31.1

52.0

62.7

66.8

73.2

77.3

79.9

85.0

DROP

f1

dev

89.1

20

9.40

13.6

14.4

16.4

19.7

17.0

24.0

23.6

11.7

18.1

20.9

23.0

26.4

27.3

29.2

34.3

12.9

18.7

24.0

25.6

29.7

29.7

32.3

36.5

BoolQ

acc

dev

91.0

32

49.7

60.3

58.9

62.4

67.1

65.4

66.2

60.5

52.6

61.7

60.4

63.7

68.4

68.7

69.0

76.7

43.1

60.6

62.0

64.1

70.3

70.0

70.2

77.5

76.4

CB

acc

dev

96.9

32

0.00

32.1

8.93

19.6

19.6

28.6

19.6

46.4

55.4

53.6

53.6

48.2

57.1

33.9

55.4

64.3

42.9

58.9

53.6

69.6

67.9

60.7

66.1

82.1

75.6

CB

f1

dev

93.9

32

0.00

29.3

11.4

17.4

22.4

25.1

20.3

42.8

60.1

39.8

45.6

37.5

45.7

28.5

44.6

52.5

26.1

40.4

32.6

48.3

45.7

44.6

46.0

57.2

52.0

Copa

acc

dev

94.8

32

66.0

68.0

73.0

77.0

76.0

80.0

84.0

91.0

62.0

64.0

66.0

74.0

76.0

82.0

86.0

87.0

67.0

64.0

72.0

77.0

83.0

83.0

86.0

92.0

92.0

RTE

acc

dev

92.5

32

47.7

49.8

48.4

56.0

46.6

55.2

62.8

63.5

53.1

47.3

49.5

49.5

54.9

54.9

56.3

70.4

52.3

48.4

46.9

50.9

56.3

49.5

60.6

72.9

69.0

WiC

acc

dev

76.1

32

0.00

0.00

0.00

0.00

0.00

0.00

0.00

0.00

50.0

50.3

50.3

49.2

49.4

50.3

50.0

48.6

49.8

55.0

53.0

53.0

51.6

53.1

51.1

55.3

49.4

WSC

acc

dev

93.8

32

59.6

56.7

65.4

61.5

66.3

60.6

64.4

65.4

58.7

58.7

60.6

62.5

66.3

60.6

66.3

69.2

58.7

60.6

54.8

49.0

62.5

67.3

75.0

75.0

80.1

MultiRC

acc

dev

62.3

32

4.72

9.65

12.3

13.6

14.3

18.4

24.2

27.6

4.72

9.65

12.3

13.6

14.3

18.4

24.2

27.6

6.09

11.8

16.8

20.8

24.7

23.8

25.0

32.5

30.5

M