.3

57.0

97.5

96.8

84.5

75.9

75.5

12.5

82.7

74.7

48.5

44.3

54.5

54.4

78.6

B2

75.8

93.6

77.9

64.4

64.0

63.2

57.0

85.3

73.5

93.9

93.5

92.9

98.5

56.6

97.7

96.9

84.4

76.4

 73.1

12.6

84.3

75.1

49.4

42.6

55.4

55.2

79.7

B3

77.4

94.0

78.0

66.5

64.4

66.0

59.3

85.8

73.1

94.1

93.7

93.3

98.5

57.1

98.2

97.3

85.0

75.8

76.1

13.4

83.3

78.1

50.9

45.1

53.8

54.8

81.0

B4

79.7

94.1

78.7

70.1

65.4

66.4

60.4

86.5

73.4

94.7

93.5

93.2

98.8

57.9

98.6

96.8

85.0

78.3

72.3

13.9

83.1

79.1

52.5

46.5

54.4

55.4

82.9

B5

81.5

93.6

77.9

72.4

67.1

72.7

68.9

86.7

73.9

95.0

94.7

94.5

98.4

58.5

98.7

96.8

86.0

78.5

69.6

14.9

84.7

80.9

54.5

46.6

53.3

56.3

83.7

B6

82.4

94.0

78.0

73.5

65.8

71.1

68.2

87.6

73.9

95.0

94.1

93.7

98.4

60.2

98.7

96.8

85.4

78.1

72.7

15.3

84.2

80.0

54.1

51.1

53.3

57.0

84.0

B7

84.5

94.9

80.1

74.7

69.0

77.1

72.3

87.2

76.8

95.2

94.7

95.9

98.6

61.3

99.1

96.3

86.8

80.8

75.8

16.4

85.2

81.9

56.8

51.9

54.4

57.8

84.8

B8

84.5

95.0

80.7

75.2

69.6

76.8

71.5

87.4

77.1

94.9

95.2

96.3

98.6

61.4

99.2

97.0

87.4

80.4

70.9

17.4

85.2

82.4

57.7

51.4

51.7

55.8

85.3

EfficientNet Noisy Student

B0

78.1

94.0

78.6

63.5

65.5

57.2

53.7

85.6

75.6

93.8

93.1

94.5

98.1

55.6

98.2

97.0

84.3

74.0

71.6

14.0

83.1

76.7

51.7

47.3

55.7

55.0

78.5

B1

80.4

95.1

80.2

66.6

67.6

59.6

53.7

86.2

77.0

94.6

94.4

95.1

98.0

56.1

98.6

96.9

84.3

73.1

67.1

14.5

83.9

79.9

54.5

46.1

54.3

54.9

81.1

B2

80.9

95.3

81.3

67.6

67.9

60.9

55.2

86.3

77.7

95.0

94.7

94.4

98.0

55.5

98.8

97.3

84.6

71.7

70.0

14.6

82.9

80.1

55.1

46.1

54.1

55.3

82.2

B3

82.6

95.9

82.1

68.6

68.8

60.6

55.4

86.5

77.2

95.0

94.8

95.2

98.1

56.0

99.1

96.5

85.0

70.5

69.5

15.1

83.1

81.8

56.8

45.1

55.7

52.0

83.8

B4

85.2

95.6

81.0

72.5

69.7

56.1

52.6

87.0

78.7

94.8

95.2

95.3

98.2

56.0

99.3

95.3

84.8

61.9

64.8

16.0

82.8

83.4

59.8

43.2

55.3

53.0

85.4

B5

87.6

96.3

82.4

75.3

71.6

64.7

64.8

87.8

79.6

95.5

95.6

96.6

98.8

60.9

99.4

96.1

87.0

68.5

73.7

16.4

83.5

86.4

61.6

46.3

53.4

55.8

85.8

B6

87.3

97.0

83.9

75.8

71.4

67.6

65.6

87.3

78.5

95.2

96.4

97.2

98.6

61.9

99.5

96.6

86.1

70.7

72.4

17.6

84.2

85.5

61.0

49.6

54.6

55.7

86.4

B7

88.4

96.0

82.0

76.9

72.6

72.2

71.2

88.1

80.5

95.5

95.5

96.6

98.5

62.7

99.4

96.2

88.5

73.4

73.0

18.5

83.8

86.6

63.2

50.5

57.2

56.7

