%

kangaroo

52.00

3,035.00

51.20

1,416.00

14,130.70

16,763.60

560.2 %

krull

1,598.05

2,665.53

2,204.80

11,741.00

218,448.10

269,358.27

25,08 3.4 %

kung fu master

258.50

22,736.25

14,862.50

97,830.00

233,413.30

204,824.00

910.1 %

montezuma revenge

0.00

4,753.33

-

2,500.00

2,061.30

0.00

0.0 %

ms pacman

307.30

6,951.60

1,480.00

11,255.00

42,281.70

243,401.10

3,658.7 %

name this game

2,292.35

8,049.00

2,420.70

25,783.00

58,182.70

157,177.85

2,690.5 %

phoenix

761.40

7,242.60

-

224,491.00

864,020.00

955,137.84

14,725.3 %

pitfall

-229.44

6,463.69

-

-1.00

0.00

0.00

3.4 %

pong

-20.71

14.59

12.80

21.00

21.00

21.00

118.2 %

private eye

24.94

69,571.27

35.00

50.00

5,322.70

15,299.98

22.0 %

qbert

163.88

13,455.00

1,288.80

302,391.00

408,850.00

72,276.00

542.6 %

riverraid

1,338.50

17,118.00

1,957.80

63,864.00

45,632.10

323,417.18

2,041.1 %

road runner

11.50

7,845.00

5,640.60

222,235.00

599,246.70

613,411.80

7,830.5 %

robotank

2.16

11.94

-

74.00

100.40

131.13

1,318.7 %

seaquest

68.40

42,054.71

683.30

392,952.00

999,996.70

999,976.52

2,381.5 %

skiing

-17,098.09

-4,336.93

-

-10,790.00

-30,021.70

-29,968.36

-100.9 %

solaris

1,236.30

12,326.67

-

2,893.00

3,787.20

56.62

-10.6 %

space invaders

148.03

1,668.67

-

54,681.00

43,223.40

74,335.30

4,878.7 %

star gunner

664.00

10,250.00

-

434,343.00

717,344.00

549,271.70

5,723.0 %

surround

-9.99

6.53

-

7.00

9.90

9.99

120.9 %

tennis

-23.84

-8.27

-

24.00

-0.10

0.00

153.1 %

time pilot

3,568.00

5,229.10

-

87,085.00

445,377.30

476,763.90

28,486.9 %

tutankham

11.43

167.59

-

273.00

395.30

491.48

307.4 %

up n down

533.40

11,693.23

3,350.30

401,884.00

589,226.90

715,545.61

6,407.0 %

venture

0.00

1,187.50

-

1,813.00

1,970.70

0.40

0.0 %

video pinball

0.00

17,667.90

-

565,163.00

999,383.20

981,791.88

5,556.9 %

wizard of wor

563.50

4,756.52

-

46,204.00

144,362.70

197,126.00

4,687.9 %

yars revenge

3,092.91

54,576.93

5,664.30

148,595.00

995,048.40

553,311.46

1,068.7 %

zaxxon

32.50

9,173.30

-

42,286.00

224,910.70

725,853.90

7,940.5 %

# best

0

5

0

5

13

37

Table S1:

Evaluation of MuZero in Atari for individual games with 30 random no-op starts.